#NATOMS=-1
#FXX=0x1p+0
#FYY=0x1p+0
#FZZ=0x1p+0
#FXY=0x0p+0
#FXZ=0x0p+0
#FYZ=0x0p+0
#FYX=0x0p+0
#FZX=0x0p+0
#FZY=0x0p+0
#Lp=0x1p+0
#rp=4
#rpp=28
#rIA=16574017531250635910 5639238424628272832 13888733034452423832 15919693294960324698 16065585476200367645 18296161221462666379 958470028715857374 12039964703972398008 10136916008372548640 15400410151471646816 9250592567272714811 5861773014818853110 7030274481093194767 4390014636233128483 18310156022163848983 14481535389905460905 7492979049584456030 14656909175819515939 1757563999378404737 5653201285056166091 14220294467582199533 15166693109720159876 13693175346861421449 4215499859248189343 8436331281872615681 10000360968041129759 13543670064069723312 11931853114401016323 15310689902442641846 9683110472138721265 18102407106916949289 16590104059683050119 11021769901469555768 6963070529730080124 8748062480373992927 11575748217895245098 15097740411353070770 16506301761790435799 131819334437618525 17228504881181036979 5757153990497199926 11659539630557536265 12883977970548067503 11782190067718334063 4423867445730015762 2987316238424580829 17542780680014634908 2641093338904706060 2147548333328986025 7936788508960032839 9210121023753342532 7550929224612593252 3330431160702930429 5984773241988213716 2902997089308113928
